kinematics:
  shoulder:
    x: 0
    y: 0
    z: 0.1625924753978721
    roll: -0
    pitch: 0
    yaw: -2.15539540104892e-08
  upper_arm:
    x: 0.0001985231014686861
    y: 0
    z: 0
    roll: 1.570978646165627
    pitch: 0
    yaw: -3.428420816813985e-06
  forearm:
    x: -0.4250300328146282
    y: 0
    z: 0
    roll: 3.140664875495291
    pitch: -3.139566266251542
    yaw: -3.141584649416812
  wrist_1:
    x: -0.3923326151277599
    y: -0.0004564303528157577
    z: 0.1336037855166621
    roll: 0.003416284766055479
    pitch: -0.0001850868819955038
    yaw: -9.701150127646059e-06
  wrist_2:
    x: 7.592217578915185e-05
    y: -0.09976209271863791
    z: 5.277089092116343e-05
    roll: 1.570267359483153
    pitch: 0
    yaw: -2.825202324446829e-07
  wrist_3:
    x: -1.833117739707676e-05
    y: 0.09952992105108296
    z: 1.76482950088602e-05
    roll: 1.570973643270561
    pitch: 3.141592653589793
    yaw: -3.141592574681042
  hash: calib_3259900727650424653