kinematics:
  shoulder:
    x: 0
    y: 0
    z: 0.1627049005598717
    roll: -0
    pitch: 0
    yaw: -1.726168615815609e-07
  upper_arm:
    x: 0.0002061700899496549
    y: 0
    z: 0
    roll: 1.571142188003735
    pitch: 0
    yaw: 5.559529542554214e-06
  forearm:
    x: -0.4251163683997116
    y: 0
    z: 0
    roll: 0.0007989320862681871
    pitch: -0.001587740260944586
    yaw: 9.541642404484317e-07
  wrist_1:
    x: -0.3923964114872437
    y: -0.0004919094413583215
    z: 0.1338818210740157
    roll: 0.003674189847969243
    pitch: 0.001421097760519901
    yaw: -4.845287455128364e-06
  wrist_2:
    x: 1.01171828037389e-05
    y: -0.09978940974072005
    z: 5.392771998219057e-05
    roll: 1.570255911585783
    pitch: 0
    yaw: 4.77791081717957e-07
  wrist_3:
    x: -3.384480466131602e-05
    y: 0.0997531650092351
    z: 5.844015029937724e-05
    roll: 1.571382174307685
    pitch: 3.141592653589793
    yaw: -3.141592644216077
  hash: calib_14418737773428274826